1 0 0
501 17 18
1001 38 20
1501 58 22
2001 80 22
2501 97 23
3001 112 24
3501 133 24
4001 152 24
4501 175 24
5001 195 24
5501 212 25
6001 230 25
6501 248 26
7001 269 26
7501 280 26
8001 302 26
8501 320 26
9001 347 26
9501 374 27
10001 398 27
10501 418 27
11001 434 26
11501 451 28
12001 483 28
12501 496 27
13001 517 28
13501 540 26
14001 554 28
14501 573 28
15001 585 28
15501 602 27
16001 640 27
16501 659 28
17001 669 28
17501 705 28
18001 717 28
18501 747 29
19001 785 29
19501 794 29
20001 794 28
20501 842 29
21001 842 29
21501 904 29
22001 904 30
22501 904 28
23001 954 30
23501 954 29
24001 954 30
24501 1028 29
25001 1028 30
25501 1028 29
26001 1087 30
26501 1131 30
27001 1131 30
27501 1131 29
28001 1131 30
28501 1213 29
29001 1231 30
29501 1231 30
30001 1231 29
30501 1231 30
31001 1231 30
31501 1323 30
32001 1346 30
32501 1346 29
33001 1346 30
33501 1346 31
34001 1346 30
34501 1346 30
35001 1469 30
35501 1477 30
36001 1500 30
36501 1500 31
37001 1500 30
37501 1500 31
38001 1500 31
38501 1500 30
39001 1500 31
39501 1500 31
40001 1674 30
40501 1674 31
41001 1712 31
41501 1712 30
42001 1712 32
42501 1712 31
43001 1712 31
43501 1712 32
44001 1712 30
44501 1712 32
45001 1712 32
45501 1712 32
46001 1712 31
46501 1849 32
47001 1988 31
47501 1988 30
48001 2031 32
48501 2031 31
49001 2031 32
49501 2031 31
50001 2031 31
50501 2031 32
51001 2031 32
51501 2031 31
52001 2031 32
52501 2031 31
53001 2031 32
53501 2031 32
54001 2031 31
54501 2031 31
55001 2031 32
55501 2031 31
56001 2031 32
56501 2031 32
57001 2031 32
57501 2342 32
58001 2448 32
58501 2448 32
59001 2448 32
59501 2448 32
60001 2555 31
60501 2555 32
61001 2555 32
61501 2555 32
